-3.381357 0.274120 -0.604918
-1.862145 0.061617 -0.369549
1.459755 0.181883 0.301191
-0.615223 -0.118884 -1.414127
-0.333390 -0.066516 -0.761294
0.353962 0.124432 0.676534
-1.419277 0.301483 0.048567
-0.844495 -0.364363 -0.500071
-0.642372 0.246740 -1.073692
-0.742076 -0.329605 -0.609917
-0.375096 -0.157073 -0.274070
-0.338145 -0.543829 -1.046028
-0.234090 -0.266169 -0.588388
0.031972 -0.680481 -0.509916
0.321636 -0.626563 -0.030642
-0.126534 0.327249 0.259215
-0.053951 -0.483865 -0.501260
-1.200717 1.269826 -0.878928
-2.135233 -0.036147 -1.290672
-1.382584 -1.037504 -1.998839
-2.473873 0.737784 -3.376386
-2.334319 0.973206 -0.227004
-1.343942 -1.108183 -1.628987
-2.212481 2.243100 -1.833327
-0.285219 0.191957 -0.240991
0.675132 -1.865907 -0.612245
-1.991334 1.901236 -1.782664
