0.000071 -0.000010 0.000103
-0.000010 0.000185 -0.000145
0.000103 -0.000145 0.000286
0.001081 0.000518 -0.000350
0.000518 0.001892 -0.000418
-0.000350 -0.000418 0.000697
0.000945 -0.000156 0.000136
-0.000156 0.004193 -0.000243
0.000136 -0.000243 0.000943
0.000337 0.000010 0.000248
0.000010 0.000133 0.000065
0.000248 0.000065 0.000853
0.000777 0.000359 0.000485
0.000359 0.002682 0.001197
0.000485 0.001197 0.001290
0.001522 -0.000200 0.000436
-0.000200 0.002744 -0.002048
0.000436 -0.002048 0.005641
0.000159 0.000039 0.000104
0.000039 0.000176 0.000120
0.000104 0.000120 0.000441
0.000660 0.000274 0.000037
0.000274 0.002658 0.000440
0.000037 0.000440 0.000789
0.000660 0.000107 -0.000111
0.000107 0.001413 -0.001030
-0.000111 -0.001030 0.001672
