6 5
0.157290
0.382003
0.122659
0.180927
0.157121
0.158147 -0.112978 -0.275377 0.049293 0.070979 -0.000811 0.045689 0.032454 0.003383 -0.045101 -0.041280 0.013221 -0.033964 0.115650 -0.286147 0.032892 0.024989 0.006196 0.130115 0.187144 -0.185803 0.034911 -0.023539 0.136681 0.202441 0.069939 -0.149235 -0.054345 0.054602 0.136908
0.002277 0.002407 -0.000545 -0.000516 0.000598 0.000488 0.002407 0.002629 -0.000569 -0.000565 0.000632 0.000526 -0.000545 -0.000569 0.000152 0.000120 -0.000146 -0.000116 -0.000516 -0.000565 0.000120 0.002780 0.002058 -0.000754 0.000598 0.000632 -0.000146 0.002058 0.002526 -0.000232 0.000488 0.000526 -0.000116 -0.000754 -0.000232 0.000522
0.001824 0.001145 -0.000008 -0.001543 -0.001158 0.000667 0.001145 0.000881 -0.000104 -0.001138 -0.001022 0.000594 -0.000008 -0.000104 0.000117 0.000086 0.000132 -0.000183 -0.001543 -0.001138 0.000086 0.002615 0.001231 -0.000437 -0.001158 -0.001022 0.000132 0.001231 0.001886 -0.000711 0.000667 0.000594 -0.000183 -0.000437 -0.000711 0.000784
0.001042 0.000572 -0.000437 -0.000183 0.000684 0.000459 0.000572 0.000549 -0.000311 -0.000214 0.000387 0.000289 -0.000437 -0.000311 0.000250 0.000095 -0.000298 -0.000204 -0.000183 -0.000214 0.000095 0.005124 0.001019 -0.002574 0.000684 0.000387 -0.000298 0.001019 0.001007 -0.000573 0.000459 0.000289 -0.000204 -0.002574 -0.000573 0.001965
0.001252 0.000257 0.001536 -0.001393 -0.001468 0.000617 0.000257 0.000968 -0.002125 0.000938 0.000811 0.000571 0.001536 -0.002125 0.009192 -0.005313 -0.005404 -0.000481 -0.001393 0.000938 -0.005313 0.004405 0.004076 -0.001366 -0.001468 0.000811 -0.005404 0.004076 0.004405 -0.001413 0.000617 0.000571 -0.000481 -0.001366 -0.001413 0.003432
0.000977 -0.000887 -0.002435 0.000894 0.001393 0.000356 -0.000887 0.001198 0.002643 -0.001093 -0.001569 -0.000219 -0.002435 0.002643 0.006783 -0.002718 -0.003925 -0.000786 0.000894 -0.001093 -0.002718 0.001574 0.001742 0.000257 0.001393 -0.001569 -0.003925 0.001742 0.002752 0.000482 0.000356 -0.000219 -0.000786 0.000257 0.000482 0.001947
