6 5
0.333333
0.000000
0.333333
0.333333
0.000000
25.388982 11497.458048 -14021.160335 4755.526212 2294.754072 4199.601675 -4429.144346 1021.856171 576.733869 223602163.981191 -39215455.127647 -43039242.244255 -1258.784848 1360.254502 -3117.067929 -4278357.643241 -58978173.146463 1020867.000831 1939.909351 -6075.917404 7280.482705 22918103.004862 325373426.161450 -393419051.051328 -4332.378085 9256.730267 19547.938623 81118722.759249 -307370526.374964 -1003237912.080317
2670.961517 163259.967602 -135782.739383 0.000000 0.000000 0.000000 163259.967602 218270058.710031 -274509975.817480 0.000000 0.000000 0.000000 -135782.739383 -274509975.817480 347789299.402030 0.000000 0.000000 0.000000 43408.145251 93458161.557885 -118501302.479567 0.000000 0.000000 0.000000 12858.599681 46159579.443498 -58846642.513918 0.000000 0.000000 0.000000 58732.853829 79839146.900176 -100455391.900498 0.000000 0.000000 0.000000
285160.012173 792460.749307 2822070.521886 0.000000 0.000000 0.000000 792460.749307 94397082.312225 34363826.070818 0.000000 0.000000 0.000000 2822070.521886 34363826.070818 38680233.280982 0.000000 0.000000 0.000000 -26255221145.622566 -634381789874.108887 -429262372025.550110 0.000000 0.000000 0.000000 -33126923060.473656 -3303859805055.664551 -1258639450390.389893 0.000000 0.000000 0.000000 -93858013991.141769 -793419772568.737793 -1191642692555.752930 0.000000 0.000000 0.000000
25529820.894332 31700.118960 -51953327.824823 0.000000 0.000000 0.000000 31700.118960 4502.082060 1093369.086961 0.000000 0.000000 0.000000 -51953327.824823 1093369.086961 414612244.428127 0.000000 0.000000 0.000000 -766650744719.564819 8803857842.387348 4162553552369.138184 0.000000 0.000000 0.000000 351458084310.082947 805993876.240964 -615683589485.952515 0.000000 0.000000 0.000000 616760992306.690552 -10325812452.063513 -4213482356561.130371 0.000000 0.000000 0.000000
600738626.534637 154992125.583667 -72262967.716327 0.000000 0.000000 0.000000 154992125.583667 411428500.717847 -21545087.956779 0.000000 0.000000 0.000000 -72262967.716327 -21545087.956779 13664947.441595 0.000000 0.000000 0.000000 -26896467702703.179688 -16861076864526.996094 3269166509309.569824 0.000000 0.000000 0.000000 -34302732329318.640625 -36667990460253.414062 4306154360894.286133 0.000000 0.000000 0.000000 14631014603858.410156 4556603300786.882812 -2049180625970.330322 0.000000 0.000000 0.000000
12808404.342124 4938572.434178 -90049998.539081 0.000000 0.000000 0.000000 4938572.434178 157065111.652879 -105045723.878817 0.000000 0.000000 0.000000 -90049998.539081 -105045723.878817 680948425.592729 0.000000 0.000000 0.000000 -283830997954.353210 -720841891077.636108 2197067541558.587891 0.000000 0.000000 0.000000 -15075887735.571468 -4619234956157.063477 2163648546272.117676 0.000000 0.000000 0.000000 4698962664340.101562 5714578920586.950195 -35639752851090.218750 0.000000 0.000000 0.000000
