6 5
0.245447
0.000000
0.251508
0.251509
0.251536
47.746753 -24.971621 148.738422 -12282.418567 -5347.360549 -42195.893532 -110.909815 371.893981 137.277754 65506.076722 -252458.101969 -36992.492606 186.690842 138.398693 369.589752 -257840.273809 -143208.382893 -53315.515659 71.918563 107.643324 -263.818807 50708.950549 -243370.867634 389268.499001 90.806671 203.685239 -65.783818 16831.166375 -114903.430469 147984.500083
235249.375710 50887.843313 68473.269618 0.000000 0.000000 0.000000 50887.843313 66519.122466 39918.566791 0.000000 0.000000 0.000000 68473.269618 39918.566791 31301.955279 0.000000 0.000000 0.000000 -39598477.720847 -9749155.607005 -12061585.519649 0.000000 0.000000 0.000000 -41896907.305521 -26341321.649725 -20010366.329971 0.000000 0.000000 0.000000 -14349431.295905 -8784909.044902 -6750657.432993 0.000000 0.000000 0.000000
5359.808993 -1492.714197 14721.933762 0.000000 0.000000 0.000000 -1492.714197 509.094841 -6135.956619 0.000000 0.000000 0.000000 14721.933762 -6135.956619 95646.524942 0.000000 0.000000 0.000000 -5406196.655530 1889659.392158 -25212643.647133 0.000000 0.000000 0.000000 -1402927.961036 585407.408469 -9461683.963322 0.000000 0.000000 0.000000 -7049047.067793 3042159.739891 -48551580.402853 0.000000 0.000000 0.000000
17565.396128 -33572.127004 55152.491113 0.000000 0.000000 0.000000 -33572.127004 64392.576326 -102121.785103 0.000000 0.000000 0.000000 55152.491113 -102121.785103 391449.380208 0.000000 0.000000 0.000000 -50512908.679008 94611117.084358 -290351958.433697 0.000000 0.000000 0.000000 -8641817.198188 15276471.861578 -106368003.839975 0.000000 0.000000 0.000000 -30053734.179937 56469109.165780 -163511124.305019 0.000000 0.000000 0.000000
6111.022613 -1546.951285 21198.107274 0.000000 0.000000 0.000000 -1546.951285 15877.982499 2060.182374 0.000000 0.000000 0.000000 21198.107274 2060.182374 77113.478920 0.000000 0.000000 0.000000 -12018016.572009 4049042.578700 -41211977.999306 0.000000 0.000000 0.000000 15108613.190077 -16344358.984034 46416483.152293 0.000000 0.000000 0.000000 -23402789.368963 5233994.638202 -81534257.211688 0.000000 0.000000 0.000000
1.398978 -273.167396 284.672390 0.000000 0.000000 0.000000 -273.167396 90411.083221 -90500.989528 0.000000 0.000000 0.000000 284.672390 -90500.989528 122549.666537 0.000000 0.000000 0.000000 -139774.172102 45159512.487597 -53832181.234931 0.000000 0.000000 0.000000 106141.982063 -35937563.833806 29108782.293565 0.000000 0.000000 0.000000 -179677.835018 58688684.698912 -66309918.940962 0.000000 0.000000 0.000000
