6 4
0.438625
0.000000
0.122751
0.438625
-869.698401 -391.213475 -17.900523 168.742200 309.612303 -2.388475 201.683063 247.052237 -82.761050 -867691.558857 -220848.462870 106025.573144 2027.557766 -221.080349 342.356551 -2694097.124716 767193.034828 -4203004.075018 -243.496830 153.954992 -203.617574 697521.019884 -714563.164132 495254.311148
3231526.606152 566165.230097 -401542.870674 0.000000 0.000000 0.000000 566165.230097 2719819.985557 965626.064492 0.000000 0.000000 0.000000 -401542.870674 965626.064492 459440.988069 0.000000 0.000000 0.000000 -816043.272790 386757.402544 310810.826493 0.000000 0.000000 0.000000 -1075664.044992 -402106.733590 49200.414920 0.000000 0.000000 0.000000 287548.024064 -450986.257462 -233934.963897 0.000000 0.000000 0.000000
2411321.435231 3204558.223300 -573801.076551 0.000000 0.000000 0.000000 3204558.223300 4576334.492317 -183803.037690 0.000000 0.000000 0.000000 -573801.076551 -183803.037690 1191225.329567 0.000000 0.000000 0.000000 -10191919888.385540 -13298185470.066872 2874492226.755275 0.000000 0.000000 0.000000 -3003648916.552710 -4457695163.627378 -134368598.273347 0.000000 0.000000 0.000000 -634684992.344589 -3462411823.332901 -4621519387.698616 0.000000 0.000000 0.000000
1105698.739129 -139534.622060 -178040.877448 0.000000 0.000000 0.000000 -139534.622060 17622.714313 19037.147664 0.000000 0.000000 0.000000 -178040.877448 19037.147664 2441431.912177 0.000000 0.000000 0.000000 -1960777759.214397 242807082.675897 3574915845.998269 0.000000 0.000000 0.000000 -423716053.849619 44985848.936620 6016712656.494067 0.000000 0.000000 0.000000 -995648813.097377 136956400.699336 -7822723513.611590 0.000000 0.000000 0.000000
20234.246635 38332.861639 -12031.000316 0.000000 0.000000 0.000000 38332.861639 810178.458767 417620.307532 0.000000 0.000000 0.000000 -12031.000316 417620.307532 272501.328336 0.000000 0.000000 0.000000 -68708088.298395 -277165012.376130 -46902360.423345 0.000000 0.000000 0.000000 -126265846.550714 -1862059665.101918 -891054318.382736 0.000000 0.000000 0.000000 27642192.758787 -1151062793.534900 -741089693.226765 0.000000 0.000000 0.000000
