6 5
0.243618
0.050853
0.120016
0.283855
0.301658
0.033684 0.132359 0.042948 0.000006 -0.114279 0.148415 0.034113 0.545731 -0.091973 -1.504277 -14.563025 13.134945 0.002537 -0.000889 0.005158 -0.015293 -0.001458 -0.040233 0.058868 0.658734 -0.017735 -0.004319 -0.118069 0.027899 0.024728 0.404256 -0.166386 0.001014 -0.155398 -0.017193
0.000166 -0.000167 0.000740 -0.000148 -0.000724 -0.000942 -0.000167 0.005561 -0.004511 0.001108 0.002075 0.012211 0.000740 -0.004511 0.011148 -0.001111 -0.009360 -0.016552 -0.000148 0.001108 -0.001111 0.002315 0.001174 0.008138 -0.000724 0.002075 -0.009360 0.001174 0.011987 0.016809 -0.000942 0.012211 -0.016552 0.008138 0.016809 0.058034
0.000003 0.000001 -0.000002 -0.000037 -0.000007 0.000043 0.000001 0.000005 0.000003 -0.000002 -0.000110 0.000025 -0.000002 0.000003 0.000020 0.000119 -0.000016 -0.000413 -0.000037 -0.000002 0.000119 0.002453 0.000321 -0.002436 -0.000007 -0.000110 -0.000016 0.000321 0.006699 -0.001508 0.000043 0.000025 -0.000413 -0.002436 -0.001508 0.012302
0.000016 0.000002 0.000041 -0.000089 -0.000044 -0.000284 0.000002 0.000006 0.000009 -0.000004 -0.000028 -0.000043 0.000041 0.000009 0.000129 -0.000241 -0.000155 -0.000866 -0.000089 -0.000004 -0.000241 0.000589 0.000285 0.001861 -0.000044 -0.000028 -0.000155 0.000285 0.000354 0.001185 -0.000284 -0.000043 -0.000866 0.001861 0.001185 0.006853
0.003261 0.000416 0.000539 -0.001771 -0.001043 -0.002026 0.000416 0.011403 -0.000617 0.000290 -0.001693 0.001184 0.000539 -0.000617 0.005107 -0.001141 -0.004167 -0.008093 -0.001771 0.000290 -0.001141 0.005185 0.000245 0.011777 -0.001043 -0.001693 -0.004167 0.000245 0.011086 -0.001634 -0.002026 0.001184 -0.008093 0.011777 -0.001634 0.067335
0.000122 -0.000285 -0.000075 -0.000058 0.000017 0.000070 -0.000285 0.014082 0.000847 -0.000439 -0.001583 -0.003513 -0.000075 0.000847 0.000355 -0.000044 0.000079 -0.000343 -0.000058 -0.000439 -0.000044 0.000268 0.000100 0.000116 0.000017 -0.001583 0.000079 0.000100 0.008236 -0.000619 0.000070 -0.003513 -0.000343 0.000116 -0.000619 0.001778
