6 4
0.500143
0.499116
0.000001
0.000741
17.779311 -0.490237 -7.199964 -3.502182 1.739932 -1.930248 -4.867862 10.482446 7.781058 -24.821229 -387.377362 291.948099 -36.984835 1.491266 34.758919 4800.231283 -481.417338 -1508.280830 8.951561 2.236590 -30.777781 -1394.448379 -789.729342 4475.531879
361.305888 -431.349902 117.608648 0.000000 0.000000 0.000000 -431.349902 1173.169916 300.895842 0.000000 0.000000 0.000000 117.608648 300.895842 379.483966 0.000000 0.000000 0.000000 6.589850 114.526606 97.154122 0.000000 0.000000 0.000000 104.316867 -124.779772 39.501508 0.000000 0.000000 0.000000 41.666933 -239.650084 -117.138043 0.000000 0.000000 0.000000
530.710841 -154.950871 6.480177 0.000000 0.000000 0.000000 -154.950871 48.799910 19.457259 0.000000 0.000000 0.000000 6.480177 19.457259 313.336620 0.000000 0.000000 0.000000 -12767.868757 3546.152797 -2521.958390 0.000000 0.000000 0.000000 3430.219605 -1564.345539 -7622.383607 0.000000 0.000000 0.000000 -8175.271224 1472.184394 -15723.180344 0.000000 0.000000 0.000000
2660.047880 -100.000683 599.352251 0.000000 0.000000 0.000000 -100.000683 3.837166 -5.915807 0.000000 0.000000 0.000000 599.352251 -5.915807 7074.265142 0.000000 0.000000 0.000000 -405253.739420 14913.339327 -225665.311019 0.000000 0.000000 0.000000 7031.160218 -417.028809 -60242.462178 0.000000 0.000000 0.000000 7052.242950 -807.990770 -225494.092856 0.000000 0.000000 0.000000
2484.230260 623.172629 585.764435 0.000000 0.000000 0.000000 623.172629 156.323726 146.877427 0.000000 0.000000 0.000000 585.764435 146.877427 2433.234628 0.000000 0.000000 0.000000 -402858.533569 -101057.517070 -98982.015778 0.000000 0.000000 0.000000 -132308.459896 -33190.359772 -9206.151555 0.000000 0.000000 0.000000 -93625.701930 -23477.006882 -357931.480431 0.000000 0.000000 0.000000
