-1.157081 0.022792 -0.856080
-0.022500 -0.256232 -0.310467
2.720195 -0.217911 -1.024303
-0.325289 0.035055 0.114420
0.480722 -0.230890 -0.044875
0.201318 -0.186823 -0.080759
-0.262033 -0.033046 -0.328077
-0.341474 -0.134690 0.292275
0.457032 -0.187476 -0.369493
-0.026113 -0.118315 -0.119707
-0.075369 -0.366650 -0.114358
0.162028 0.274370 -0.017982
-6.290701 -1.061879 0.952514
-1.326271 -2.058418 -0.987313
-8.233632 1.123487 -2.963287
-0.587893 -0.158041 -0.259118
-0.809491 -0.448209 0.224835
1.302475 0.635638 -0.463823
-1.919077 0.304650 0.327328
0.202767 -1.376012 -1.058814
-0.021695 1.336772 -2.185369
-0.014981 0.002009 0.020857
-0.015331 -0.003564 -0.029772
-0.030821 0.025189 -0.002214
-0.063970 -0.064051 -0.117358
-0.257872 -0.479418 -0.824270
-0.316110 -0.610583 -1.138683
-0.197803 -0.030627 -0.293780
0.075679 -0.003072 -0.045717
0.396146 0.034030 -0.013777
-0.097141 -0.025654 1.399208
0.201779 -0.080745 -0.142155
-1.498828 0.232931 -0.026173
-0.476593 -0.008218 0.071217
0.082798 -0.740848 -0.413071
0.374174 1.124076 -0.293280
