0.249952 1.347607 0.301089
-0.191665 -0.073014 -0.330761
-0.241171 -0.353369 -0.391286
-1.005452 1.025886 -0.698493
-0.520296 0.175360 -1.330269
-0.040345 1.321228 -1.035443
-0.237526 -0.113788 -0.173642
-0.007804 -0.357785 -0.091347
0.070594 -0.166119 -0.054836
-0.923431 0.560384 -1.619005
-0.749077 -0.341268 -1.519472
0.027362 1.034251 -0.323483
-1.205339 0.997825 -1.861063
-0.856840 0.303084 -1.893037
0.061430 0.908076 -0.522991
-4.770709 -0.394901 -2.832104
-1.021340 -2.143985 -1.878607
-0.204714 0.779596 -3.385424
-1.317736 0.153651 -1.369061
-0.143462 -1.296615 -0.622471
0.041454 0.129599 -0.879837
0.249952 1.347607 0.301089
-0.191665 -0.073014 -0.330761
-0.241171 -0.353369 -0.391286
-1.005452 1.025886 -0.698493
-0.520296 0.175360 -1.330269
-0.040345 1.321228 -1.035443
-0.237526 -0.113788 -0.173642
-0.007804 -0.357785 -0.091347
0.070594 -0.166119 -0.054836
-0.923431 0.560384 -1.619005
-0.749077 -0.341268 -1.519472
0.027362 1.034251 -0.323483
-1.205339 0.997825 -1.861063
-0.856840 0.303084 -1.893037
0.061430 0.908076 -0.522991
-4.770709 -0.394901 -2.832104
-1.021340 -2.143985 -1.878607
-0.204714 0.779596 -3.385424
-1.317736 0.153651 -1.369061
-0.143462 -1.296615 -0.622471
0.041454 0.129599 -0.879837
0.249952 1.347607 0.301089
-0.191665 -0.073014 -0.330761
-0.241171 -0.353369 -0.391286
-1.005452 1.025886 -0.698493
-0.520296 0.175360 -1.330269
-0.040345 1.321228 -1.035443
-0.237526 -0.113788 -0.173642
-0.007804 -0.357785 -0.091347
0.070594 -0.166119 -0.054836
-0.923431 0.560384 -1.619005
-0.749077 -0.341268 -1.519472
0.027362 1.034251 -0.323483
-1.205339 0.997825 -1.861063
-0.856840 0.303084 -1.893037
0.061430 0.908076 -0.522991
-4.770709 -0.394901 -2.832104
-1.021340 -2.143985 -1.878607
-0.204714 0.779596 -3.385424
-1.317736 0.153651 -1.369061
-0.143462 -1.296615 -0.622471
0.041454 0.129599 -0.879837
