0.005972 0.001247 0.001315
0.001247 0.004281 0.000869
0.001315 0.000869 0.003528
0.002355 -0.000088 -0.000862
-0.000088 0.001769 0.000208
-0.000862 0.000208 0.002927
0.008886 -0.003150 0.000184
-0.003150 0.013132 0.000390
0.000184 0.000390 0.006813
0.003541 0.000095 0.001259
0.000095 0.002469 -0.000502
0.001259 -0.000502 0.005458
0.003267 0.000690 0.001451
0.000690 0.004715 0.001710
0.001451 0.001710 0.002852
0.000216 0.000049 0.000036
0.000049 0.000151 0.000021
0.000036 0.000021 0.000143
0.003484 0.000807 0.000086
0.000807 0.002320 -0.000023
0.000086 -0.000023 0.001868
0.005972 0.001247 0.001315
0.001247 0.004281 0.000869
0.001315 0.000869 0.003528
0.002355 -0.000088 -0.000862
-0.000088 0.001769 0.000208
-0.000862 0.000208 0.002927
0.008886 -0.003150 0.000184
-0.003150 0.013132 0.000390
0.000184 0.000390 0.006813
0.003541 0.000095 0.001259
0.000095 0.002469 -0.000502
0.001259 -0.000502 0.005458
0.003267 0.000690 0.001451
0.000690 0.004715 0.001710
0.001451 0.001710 0.002852
0.000216 0.000049 0.000036
0.000049 0.000151 0.000021
0.000036 0.000021 0.000143
0.003484 0.000807 0.000086
0.000807 0.002320 -0.000023
0.000086 -0.000023 0.001868
0.005972 0.001247 0.001315
0.001247 0.004281 0.000869
0.001315 0.000869 0.003528
0.002355 -0.000088 -0.000862
-0.000088 0.001769 0.000208
-0.000862 0.000208 0.002927
0.008886 -0.003150 0.000184
-0.003150 0.013132 0.000390
0.000184 0.000390 0.006813
0.003541 0.000095 0.001259
0.000095 0.002469 -0.000502
0.001259 -0.000502 0.005458
0.003267 0.000690 0.001451
0.000690 0.004715 0.001710
0.001451 0.001710 0.002852
0.000216 0.000049 0.000036
0.000049 0.000151 0.000021
0.000036 0.000021 0.000143
0.003484 0.000807 0.000086
0.000807 0.002320 -0.000023
0.000086 -0.000023 0.001868
