-1.042342 -0.110844 -0.558450
-0.699859 -0.098141 -0.394957
0.783767 0.170238 0.442098
-0.161442 -0.100438 -0.142916
0.482890 -0.156734 0.674005
-0.680711 -0.732129 -2.047539
-0.859619 -0.132431 -1.158039
-0.448279 -0.041474 -0.577128
-1.116985 -0.511587 -1.807052
-1.902608 0.373563 -1.033794
-1.210326 -0.192725 -0.989722
0.774462 0.033904 -0.878489
-2.107645 0.078045 -1.281039
-1.394894 -0.032377 -0.929779
1.714857 0.117840 1.015519
-1.815429 0.360166 -0.100545
-1.339900 -0.059550 -0.351278
-0.386800 1.883379 -1.770726
-4.934517 0.797329 -0.132770
-1.160828 -3.789006 -0.447755
-3.639820 2.207068 -4.500794
-0.615033 0.036893 -0.748559
-0.433718 0.009736 -0.530181
0.498550 0.067281 0.595914
-3.026975 0.809778 0.334388
-2.110695 -0.428440 -0.615557
-0.675235 3.764424 -2.429491
-0.126796 -0.044082 -0.108884
0.284279 -1.031699 -0.543170
0.110574 -0.268074 -0.306268
-1.019289 0.233096 -0.628852
-0.792147 -0.196141 -0.848627
-1.997011 0.467908 -1.839067
