0.002595 0.000670 -0.000206
0.000670 0.004128 -0.000962
-0.000206 -0.000962 0.002176
0.002064 0.000047 -0.000013
0.000047 0.004319 0.000201
-0.000013 0.000201 0.002185
0.001928 -0.000094 0.000545
-0.000094 0.002256 -0.000130
0.000545 -0.000130 0.004388
0.002319 0.000687 -0.000306
0.000687 0.005738 0.000003
-0.000306 0.000003 0.002816
0.000955 -0.000246 0.000151
-0.000246 0.003531 -0.000487
0.000151 -0.000487 0.001984
0.003310 -0.000091 0.000105
-0.000091 0.003799 -0.000293
0.000105 -0.000293 0.007554
0.000281 0.000016 0.000085
0.000016 0.000290 0.000053
0.000085 0.000053 0.000519
0.002119 -0.000147 0.000032
-0.000147 0.004129 0.000488
0.000032 0.000488 0.001685
0.001195 0.000193 0.000363
0.000193 0.004672 0.000844
0.000363 0.000844 0.002777
0.001885 -0.000136 -0.000087
-0.000136 0.004301 -0.000088
-0.000087 -0.000088 0.002129
0.000438 -0.000512 0.000788
-0.000512 0.004081 0.000357
0.000788 0.000357 0.002501
