-1.471059 0.091219 -0.587060
-0.869091 -0.170939 -0.784481
1.618993 -0.152885 -0.829973
-0.028667 0.026962 0.104528
0.161736 -0.186671 0.077906
0.158441 -0.191205 -0.075040
-0.372022 -0.030723 -0.259247
-0.072058 -0.203469 -0.109538
0.496450 -0.208827 -0.501077
-0.404600 -0.204082 -0.330592
-0.130630 -0.424205 -0.211219
0.190439 0.388535 0.168057
-3.813632 -0.375003 0.164353
-2.589100 -2.431459 -0.694877
-4.840875 1.385497 -3.671724
-0.944299 -0.173556 -0.214765
-0.433089 -0.507501 -0.037736
0.489695 0.738596 -0.163697
-1.516574 0.535205 0.095978
0.297791 -1.574292 -0.901415
-0.287745 1.577782 -2.244088
-0.388807 -0.030800 -0.648469
-0.259567 -0.040116 -0.493380
0.402311 0.058487 0.401489
-0.102266 -0.088866 -0.169530
-0.132927 -0.278093 -0.395090
-0.425175 -0.527953 -1.010225
-1.024110 -0.207881 -1.873341
-0.702609 -0.164621 -1.423999
1.152820 0.185564 1.169266
-1.947034 -0.114897 0.791714
-1.562090 -0.179612 0.601367
0.828345 0.203268 -0.515070
-0.942970 -0.015936 -0.075089
0.033438 -0.802755 -0.268482
0.062162 1.115904 -0.377223
-0.251282 -0.018207 -0.305584
-0.032916 -0.121777 -0.381082
0.199773 0.017050 -0.454869
0.094430 -0.006230 -0.308504
0.023363 -0.095026 -0.359157
0.761932 0.040595 -0.341670
-0.355343 -0.006839 -0.043528
-0.383546 -0.189853 -0.000399
0.036504 -0.130875 -0.026000
-0.140482 -0.081177 -0.155978
-0.228439 -0.323154 -0.470870
-0.390656 -0.543124 -1.039798
-0.533316 -0.081132 -0.039769
-0.133477 -0.650918 -0.374310
0.089720 0.896448 -0.113640
-0.048161 -0.069548 -0.024688
-0.109516 -0.394364 -0.098307
-0.081311 0.389729 -0.026047
-1.074617 0.015725 0.345615
-0.561077 -0.712910 -1.241087
-1.733016 1.836646 -2.051698
-7.370789 -1.057915 1.166455
-1.468370 -2.290942 -0.958285
-13.946429 -0.452595 -1.168252
